# Initial values for RE


"d" <-
  c( NA, 0, 0)

"sd" <-
  c( 1)

"mu" <- 
  c(0, 0, 0, 0, 0, 0, 0, 0, 0, 0)


# zusätzlich noch einzufügen:

"A" <-0

"delta" <- 
  structure(c(0, 0, 0, 0, 0, 0, 0, 0, 0, 0, 
              0, 0, 0, 0, 0, 0, 0, 0, 0, 0, 
              0, 0, 0, 0, 0, 0, 0, 0, 0, 0),
            .Dim = as.integer(c(10,3)))





