# Data (Dietary Fat example) 

"nt" <-
  3

"ns" <-
  10

"na" <-
  c(2, 3, 2, 2, 2, 2, 2, 2, 2, 2)


"t" <-
  structure(c(1, 1, 1, 1, 1, 1, 1, 1, 1, 1, 2, 2, 2, 2, 2, 2, 2, 2, 2, 2, NA, 2, NA, NA, NA, NA, NA, NA, NA, NA), 
            .Dim = as.integer(c(10,3)))

"E" <-
  structure(c(1917, 43.6, 393.5, 4715, 715, 885, 87.8, 1011, 1544, 125, 1925, 41.3, 373.9, 
              4823, 751, 895, 91, 939, 1588, 123, NA, 38, NA, NA, NA, NA, NA, NA, NA, NA), 
            .Dim = as.integer(c(10,3)))


"r" <-
  structure(c(113, 1, 24, 248, 31, 65, 3, 28, 177, 2, 111, 5, 20, 269, 28, 48, 1, 39, 174, 1, NA, 3, NA, NA, NA, NA, NA, NA, NA, NA), 
            .Dim = as.integer(c(10,3)))