# Data (Diabetes Fat example) 



"nt" <-
  6


"ns" <-
  22


"time" <- c(5.8, 4.7, 3, 3.8, 4, 3, 4.1, 1, 3.3, 3, 4.5, 4.8, 3.1, 3.7, 3.8, 4, 5.5, 4.5, 4, 6.1, 4.8, 4.2)


"t" <-
  structure(c(1, 1, 1, 1, 1, 1, 1, 1, 2, 2, 2, 2, 2, 2, 3, 3, 3, 3, 3, 3, 3, 4, 
              2, 2, 2, 3, 4, 4, 5, 6, 4, 5, 5, 5, 6, 6, 4, 4, 4, 4, 4, 5, 6, 6, 
              3, NA, NA, NA, 5, NA, NA, NA, NA, NA, NA, NA, NA, NA, 5, 5, NA, NA, NA, NA, NA, NA), 
            .Dim = as.integer(c(22,3)))


"r" <-
  structure(c(43, 29, 140, 75, 302, 176, 200, 8, 154, 489, 155, 399, 202, 115, 70, 97, 799, 251, 665, 380, 320, 845, 
              34, 20, 118, 86, 154, 136, 138, 1, 177, 449, 102, 335, 163, 93, 32, 95, 567, 216, 569, 337, 242, 690, 
              37, NA, NA, NA, 119, NA, NA, NA, NA, NA, NA, NA, NA, NA, 45, 93, NA, NA, NA, NA, NA, NA), 
            .Dim = as.integer(c(22,3)))


"n" <-
  structure(c(1081, 416, 1631, 3272, 6766, 2511, 2826, 196, 4870, 2646, 2883, 3472, 2721, 2175, 405, 1960, 7040, 5059, 8078, 5230, 3979, 5074, 
              2213, 424, 1578, 3297, 3954, 2508, 2800, 196, 4841, 2623, 2837, 3432, 2715, 2167, 202, 1965, 7072, 5095, 8098, 5183, 4020, 5087, 
              1102, NA, NA, NA, 4096, NA, NA, NA, NA, NA, NA, NA, NA, NA, 410, 1970, NA, NA, NA, NA, NA, NA), 
            .Dim = as.integer(c(22,3)))


"na" <-
  c(3, 2, 2, 2, 3, 2, 2, 2, 2, 2, 2, 2, 2, 2, 3, 3, 2, 2, 2, 2, 2, 2)




