# Inits (Diabetes Fat example) 


"d" <-
  c(NA,0,0,0,0,0)


"mu" <- 
  c(0,0,0,0,0,  0,0,0,0,0,  0,0,0,0,0,  0,0,0,0,0,  0,0)


"A" <-
  0

